16 0.19788742065429688 52336
64 1.1239051818847656 53504
128 3.9811134338378906 52688
256 15.520095825195312 52624
384 35.719871520996094 52720
512 61.41209602355957 52176
768 142.1661376953125 54128
1024 253.85785102844238 54512
1280 395.03002166748047 56272
1536 568.8738822937012 58192
2048 1012.5219821929932 60768
2560 1587.2471332550049 66384
3072 2209.1989517211914 71152
3584 3019.06681060791 77536
3968 3993.351936340332 84016
4096 4094.5069789886475 86176
6144 9245.873928070068 126736
8192 16400.639057159424 52400
10240 26631.06393814087 52512
12288 37172.46413230896 53824
14336 51401.7128944397 53120
16384 66087.84604072571 52832
18432 81975.63910484314 51472
20480 106303.5089969635 21488
