16 0.5831718444824219 51104
64 2.602100372314453 52256
128 9.423255920410156 52624
256 37.80770301818848 51856
384 87.04376220703125 51632
512 151.9160270690918 52720
768 338.33765983581543 51856
1024 603.4598350524902 52256
1280 948.7459659576416 52560
1536 1339.690923690796 52384
2048 2393.9270973205566 51872
2560 3706.936836242676 52992
3072 5179.938077926636 51680
3584 7184.059858322144 52224
3968 9115.307807922363 53760
4096 9557.031869888306 52576
6144 21964.410066604614 51904
8192 38390.16509056091 52464
10240 59592.38910675049 52592
12288 86353.16610336304 53184
14336 116072.39890098572 53120
16384 152028.0740261078 52912
18432 198229.6860218048 29040
20480 238589.01810646057 53120
